13
4 2
1 2
3 4
10 6
1 3
3 2
7 5
10 8
4 3
9 10
100 0
1000 0
100 100
1 2
2 3
3 4
4 5
5 6
6 7
7 8
8 9
9 10
10 11
11 12
12 13
13 14
14 15
15 16
16 17
17 18
18 19
19 20
20 21
21 22
22 23
23 24
24 25
25 26
26 27
27 28
28 29
29 30
30 31
31 32
32 33
33 34
34 35
35 36
36 37
37 38
38 39
39 40
40 41
41 42
42 43
43 44
44 45
45 46
46 47
47 48
48 49
49 50
50 51
51 52
52 53
53 54
54 55
55 56
56 57
57 58
58 59
59 60
60 61
61 62
62 63
63 64
64 65
65 66
66 67
67 68
68 69
69 70
70 71
71 72
72 73
73 74
74 75
75 76
76 77
77 78
78 79
79 80
80 81
81 82
82 83
83 84
84 85
85 86
86 87
87 88
88 89
89 90
90 91
91 92
92 93
93 94
94 95
95 96
96 97
97 98
98 99
99 100
100 1
1000 1000
1 2
2 3
3 4
4 5
5 6
6 7
7 8
8 9
9 10
10 11
11 12
12 13
13 14
14 15
15 16
16 17
17 18
18 19
19 20
20 21
21 22
22 23
23 24
24 25
25 26
26 27
27 28
28 29
29 30
30 31
31 32
32 33
33 34
34 35
35 36
36 37
37 38
38 39
39 40
40 41
41 42
42 43
43 44
44 45
45 46
46 47
47 48
48 49
49 50
50 51
51 52
52 53
53 54
54 55
55 56
56 57
57 58
58 59
59 60
60 61
61 62
62 63
63 64
64 65
65 66
66 67
67 68
68 69
69 70
70 71
71 72
72 73
73 74
74 75
75 76
76 77
77 78
78 79
79 80
80 81
81 82
82 83
83 84
84 85
85 86
86 87
87 88
88 89
89 90
90 91
91 92
92 93
93 94
94 95
95 96
96 97
97 98
98 99
99 100
100 101
101 102
102 103
103 104
104 105
105 106
106 107
107 108
108 109
109 110
110 111
111 112
112 113
113 114
114 115
115 116
116 117
117 118
118 119
119 120
120 121
121 122
122 123
123 124
124 125
125 126
126 127
127 128
128 129
129 130
130 131
131 132
132 133
133 134
134 135
135 136
136 137
137 138
138 139
139 140
140 141
141 142
142 143
143 144
144 145
145 146
146 147
147 148
148 149
149 150
150 151
151 152
152 153
153 154
154 155
155 156
156 157
157 158
158 159
159 160
160 161
161 162
162 163
163 164
164 165
165 166
166 167
167 168
168 169
169 170
170 171
171 172
172 173
173 174
174 175
175 176
176 177
177 178
178 179
179 180
180 181
181 182
182 183
183 184
184 185
185 186
186 187
187 188
188 189
189 190
190 191
191 192
192 193
193 194
194 195
195 196
196 197
197 198
198 199
199 200
200 201
201 202
202 203
203 204
204 205
205 206
206 207
207 208
208 209
209 210
210 211
211 212
212 213
213 214
214 215
215 216
216 217
217 218
218 219
219 220
220 221
221 222
222 223
223 224
224 225
225 226
226 227
227 228
228 229
229 230
230 231
231 232
232 233
233 234
234 235
235 236
236 237
237 238
238 239
239 240
240 241
241 242
242 243
243 244
244 245
245 246
246 247
247 248
248 249
249 250
250 251
251 252
252 253
253 254
254 255
255 256
256 257
257 258
258 259
259 260
260 261
261 262
262 263
263 264
264 265
265 266
266 267
267 268
268 269
269 270
270 271
271 272
272 273
273 274
274 275
275 276
276 277
277 278
278 279
279 280
280 281
281 282
282 283
283 284
284 285
285 286
286 287
287 288
288 289
289 290
290 291
291 292
292 293
293 294
294 295
295 296
296 297
297 298
298 299
299 300
300 301
301 302
302 303
303 304
304 305
305 306
306 307
307 308
308 309
309 310
310 311
311 312
312 313
313 314
314 315
315 316
316 317
317 318
318 319
319 320
320 321
321 322
322 323
323 324
324 325
325 326
326 327
327 328
328 329
329 330
330 331
331 332
332 333
333 334
334 335
335 336
336 337
337 338
338 339
339 340
340 341
341 342
342 343
343 344
344 345
345 346
346 347
347 348
348 349
349 350
350 351
351 352
352 353
353 354
354 355
355 356
356 357
357 358
358 359
359 360
360 361
361 362
362 363
363 364
364 365
365 366
366 367
367 368
368 369
369 370
370 371
371 372
372 373
373 374
374 375
375 376
376 377
377 378
378 379
379 380
380 381
381 382
382 383
383 384
384 385
385 386
386 387
387 388
388 389
389 390
390 391
391 392
392 393
393 394
394 395
395 396
396 397
397 398
398 399
399 400
400 401
401 402
402 403
403 404
404 405
405 406
406 407
407 408
408 409
409 410
410 411
411 412
412 413
413 414
414 415
415 416
416 417
417 418
418 419
419 420
420 421
421 422
422 423
423 424
424 425
425 426
426 427
427 428
428 429
429 430
430 431
431 432
432 433
433 434
434 435
435 436
436 437
437 438
438 439
439 440
440 441
441 442
442 443
443 444
444 445
445 446
446 447
447 448
448 449
449 450
450 451
451 452
452 453
453 454
454 455
455 456
456 457
457 458
458 459
459 460
460 461
461 462
462 463
463 464
464 465
465 466
466 467
467 468
468 469
469 470
470 471
471 472
472 473
473 474
474 475
475 476
476 477
477 478
478 479
479 480
480 481
481 482
482 483
483 484
484 485
485 486
486 487
487 488
488 489
489 490
490 491
491 492
492 493
493 494
494 495
495 496
496 497
497 498
498 499
499 500
500 501
501 502
502 503
503 504
504 505
505 506
506 507
507 508
508 509
509 510
510 511
511 512
512 513
513 514
514 515
515 516
516 517
517 518
518 519
519 520
520 521
521 522
522 523
523 524
524 525
525 526
526 527
527 528
528 529
529 530
530 531
531 532
532 533
533 534
534 535
535 536
536 537
537 538
538 539
539 540
540 541
541 542
542 543
543 544
544 545
545 546
546 547
547 548
548 549
549 550
550 551
551 552
552 553
553 554
554 555
555 556
556 557
557 558
558 559
559 560
560 561
561 562
562 563
563 564
564 565
565 566
566 567
567 568
568 569
569 570
570 571
571 572
572 573
573 574
574 575
575 576
576 577
577 578
578 579
579 580
580 581
581 582
582 583
583 584
584 585
585 586
586 587
587 588
588 589
589 590
590 591
591 592
592 593
593 594
594 595
595 596
596 597
597 598
598 599
599 600
600 601
601 602
602 603
603 604
604 605
605 606
606 607
607 608
608 609
609 610
610 611
611 612
612 613
613 614
614 615
615 616
616 617
617 618
618 619
619 620
620 621
621 622
622 623
623 624
624 625
625 626
626 627
627 628
628 629
629 630
630 631
631 632
632 633
633 634
634 635
635 636
636 637
637 638
638 639
639 640
640 641
641 642
642 643
643 644
644 645
645 646
646 647
647 648
648 649
649 650
650 651
651 652
652 653
653 654
654 655
655 656
656 657
657 658
658 659
659 660
660 661
661 662
662 663
663 664
664 665
665 666
666 667
667 668
668 669
669 670
670 671
671 672
672 673
673 674
674 675
675 676
676 677
677 678
678 679
679 680
680 681
681 682
682 683
683 684
684 685
685 686
686 687
687 688
688 689
689 690
690 691
691 692
692 693
693 694
694 695
695 696
696 697
697 698
698 699
699 700
700 701
701 702
702 703
703 704
704 705
705 706
706 707
707 708
708 709
709 710
710 711
711 712
712 713
713 714
714 715
715 716
716 717
717 718
718 719
719 720
720 721
721 722
722 723
723 724
724 725
725 726
726 727
727 728
728 729
729 730
730 731
731 732
732 733
733 734
734 735
735 736
736 737
737 738
738 739
739 740
740 741
741 742
742 743
743 744
744 745
745 746
746 747
747 748
748 749
749 750
750 751
751 752
752 753
753 754
754 755
755 756
756 757
757 758
758 759
759 760
760 761
761 762
762 763
763 764
764 765
765 766
766 767
767 768
768 769
769 770
770 771
771 772
772 773
773 774
774 775
775 776
776 777
777 778
778 779
779 780
780 781
781 782
782 783
783 784
784 785
785 786
786 787
787 788
788 789
789 790
790 791
791 792
792 793
793 794
794 795
795 796
796 797
797 798
798 799
799 800
800 801
801 802
802 803
803 804
804 805
805 806
806 807
807 808
808 809
809 810
810 811
811 812
812 813
813 814
814 815
815 816
816 817
817 818
818 819
819 820
820 821
821 822
822 823
823 824
824 825
825 826
826 827
827 828
828 829
829 830
830 831
831 832
832 833
833 834
834 835
835 836
836 837
837 838
838 839
839 840
840 841
841 842
842 843
843 844
844 845
845 846
846 847
847 848
848 849
849 850
850 851
851 852
852 853
853 854
854 855
855 856
856 857
857 858
858 859
859 860
860 861
861 862
862 863
863 864
864 865
865 866
866 867
867 868
868 869
869 870
870 871
871 872
872 873
873 874
874 875
875 876
876 877
877 878
878 879
879 880
880 881
881 882
882 883
883 884
884 885
885 886
886 887
887 888
888 889
889 890
890 891
891 892
892 893
893 894
894 895
895 896
896 897
897 898
898 899
899 900
900 901
901 902
902 903
903 904
904 905
905 906
906 907
907 908
908 909
909 910
910 911
911 912
912 913
913 914
914 915
915 916
916 917
917 918
918 919
919 920
920 921
921 922
922 923
923 924
924 925
925 926
926 927
927 928
928 929
929 930
930 931
931 932
932 933
933 934
934 935
935 936
936 937
937 938
938 939
939 940
940 941
941 942
942 943
943 944
944 945
945 946
946 947
947 948
948 949
949 950
950 951
951 952
952 953
953 954
954 955
955 956
956 957
957 958
958 959
959 960
960 961
961 962
962 963
963 964
964 965
965 966
966 967
967 968
968 969
969 970
970 971
971 972
972 973
973 974
974 975
975 976
976 977
977 978
978 979
979 980
980 981
981 982
982 983
983 984
984 985
985 986
986 987
987 988
988 989
989 990
990 991
991 992
992 993
993 994
994 995
995 996
996 997
997 998
998 999
999 1000
1000 1
10 27
2 9
9 10
3 9
1 9
5 9
1 4
6 10
5 7
7 10
4 6
1 6
2 3
1 10
4 9
2 7
6 7
5 8
7 9
3 7
2 5
7 8
1 3
3 6
1 7
4 7
2 8
1 8
20 88
1 4
6 8
3 11
6 12
12 16
1 10
4 13
7 20
1 14
6 15
11 19
7 12
1 19
5 15
6 11
8 9
11 12
2 12
14 15
6 14
11 18
2 18
11 20
15 19
2 13
2 15
14 20
8 20
2 4
9 16
13 20
2 6
10 11
4 6
17 20
2 3
3 14
7 17
7 18
6 9
5 20
2 10
8 11
8 16
7 16
1 12
6 16
7 8
12 19
3 15
9 13
6 7
12 15
10 15
7 14
5 16
1 3
7 11
5 11
13 19
1 16
8 15
1 8
2 5
3 17
6 18
11 16
2 11
7 15
8 17
2 16
6 13
4 11
11 15
1 2
4 16
2 17
6 10
15 18
3 16
13 17
4 7
7 9
4 9
10 17
5 13
18 19
2 14
40 546
13 23
13 37
9 40
9 17
5 8
18 27
17 31
9 12
28 36
16 21
15 28
8 9
9 32
17 26
18 25
10 36
4 35
8 27
13 16
2 38
27 38
9 19
17 22
20 39
8 22
9 30
26 30
11 12
9 38
12 37
15 22
24 38
6 29
10 29
1 33
13 25
4 22
18 24
12 36
6 28
5 9
8 21
11 14
14 32
3 38
4 25
17 21
25 36
3 8
4 39
26 28
7 27
11 36
14 38
22 26
6 36
25 38
11 39
7 34
21 33
8 19
6 34
22 37
6 7
4 14
23 25
22 28
8 32
20 38
4 34
6 17
20 32
12 27
26 37
13 40
34 39
26 27
8 39
1 28
14 15
7 20
7 23
19 27
6 13
8 31
26 34
22 32
18 20
10 24
18 19
17 18
17 24
13 32
22 36
11 30
25 37
27 31
31 35
1 29
33 37
14 19
35 38
1 15
5 28
18 21
29 38
27 28
8 25
16 23
1 21
10 39
23 39
15 26
17 32
14 36
8 23
6 18
1 31
3 22
6 38
6 25
1 11
28 32
3 23
21 37
3 19
24 28
13 17
17 29
17 25
13 35
3 25
12 18
23 27
14 25
8 12
14 22
1 16
18 40
23 37
4 29
1 35
16 27
29 34
13 29
11 31
36 38
31 36
25 31
21 31
3 17
9 31
13 27
2 26
11 40
18 26
4 23
19 29
23 40
3 37
6 33
18 37
32 34
12 34
10 23
17 40
2 23
1 12
7 14
3 35
2 35
9 24
19 22
32 38
11 17
9 35
19 24
33 39
12 30
4 11
32 35
19 39
3 31
38 40
30 34
3 18
13 15
9 13
32 37
33 35
9 25
17 36
10 34
29 33
2 40
6 32
3 27
3 11
2 34
20 40
16 26
12 35
27 33
34 36
17 35
22 40
27 40
4 8
2 30
16 37
17 27
8 24
24 35
1 34
7 38
6 40
15 35
7 13
5 34
9 36
4 37
11 37
12 22
10 38
15 24
15 23
17 34
11 26
12 13
28 40
22 34
9 22
20 23
19 31
9 16
9 21
3 12
19 34
11 33
8 28
8 26
16 31
4 36
5 21
8 20
7 28
8 35
30 38
24 25
18 32
23 36
19 26
11 34
18 22
18 38
10 32
33 38
23 34
21 38
36 40
14 37
12 29
7 30
37 40
7 22
1 36
9 33
7 12
24 26
9 14
22 27
4 27
13 26
17 20
6 23
4 13
21 39
34 38
21 40
22 35
12 26
9 26
17 30
29 39
3 34
24 30
36 37
32 33
13 39
37 39
3 6
8 15
15 16
26 40
14 16
15 20
1 2
10 20
4 15
14 17
7 11
4 24
5 25
5 24
11 18
14 23
8 11
20 34
10 12
31 33
5 31
11 22
12 40
31 34
14 26
5 22
4 21
15 39
11 24
16 34
12 14
11 23
10 37
15 40
1 27
9 37
10 18
12 19
8 34
15 17
1 20
16 39
39 40
18 29
1 18
14 24
7 39
13 24
10 14
9 34
19 30
16 20
7 19
6 24
19 25
7 18
2 28
15 19
14 29
24 39
18 34
19 40
21 29
22 33
12 38
33 36
17 19
19 32
1 19
1 22
23 26
22 31
6 14
17 37
24 36
28 35
30 32
28 38
1 6
23 31
2 37
22 30
24 34
2 31
10 33
13 30
34 35
16 30
12 32
7 33
3 21
27 36
5 15
19 35
5 32
6 21
20 29
9 28
14 33
7 16
7 37
27 34
14 30
17 38
22 24
10 15
6 20
6 27
7 31
30 33
26 36
9 29
23 24
5 6
17 23
1 5
19 38
23 32
15 21
20 37
16 28
9 10
19 28
13 14
1 40
1 13
28 37
2 10
20 31
20 28
6 11
1 8
30 35
4 9
12 25
6 26
28 31
1 38
12 39
30 37
34 40
2 24
12 33
2 19
24 31
28 30
13 18
2 33
14 39
26 33
4 30
14 20
1 3
8 17
29 40
5 26
13 19
10 13
21 32
14 35
23 28
16 19
3 29
14 18
31 39
29 36
8 14
12 28
20 35
23 29
7 35
16 40
15 37
2 32
30 36
27 29
8 37
20 21
15 34
22 23
10 26
26 32
24 40
19 20
25 35
3 36
15 30
21 23
29 32
24 27
1 10
14 27
7 9
8 18
16 25
14 28
11 19
38 39
20 26
18 28
7 15
2 21
5 38
10 16
5 36
4 6
13 20
24 29
1 9
6 39
23 30
37 38
21 22
26 38
21 35
10 22
2 22
26 39
9 20
27 32
19 36
28 33
2 20
7 24
4 33
5 35
25 34
35 37
21 27
13 22
21 28
18 33
6 19
10 19
14 34
20 27
6 22
8 29
21 25
23 33
20 24
20 25
8 13
3 24
19 37
9 39
12 20
35 39
24 32
2 18
29 37
12 23
34 37
5 18
11 35
1 26
80 181
22 50
16 23
53 61
36 57
44 56
21 55
12 61
17 65
32 34
10 43
1 39
14 19
51 64
53 59
15 76
47 58
36 49
45 54
18 34
38 63
2 77
26 27
11 19
5 64
15 37
46 62
22 31
37 47
12 24
53 74
15 52
55 77
1 32
10 15
24 80
5 36
23 53
32 68
30 55
67 79
65 74
2 72
32 48
21 42
37 63
15 29
9 54
30 62
19 44
34 53
38 52
35 51
21 27
1 60
11 16
18 64
35 45
4 46
48 65
16 30
19 54
2 66
3 74
39 56
3 55
64 71
20 38
21 56
45 69
17 29
2 20
1 72
12 29
35 71
41 72
4 16
1 7
16 53
33 80
46 47
43 77
10 31
21 35
8 36
7 25
11 53
1 71
11 13
17 72
5 68
50 76
48 70
3 65
34 74
48 51
34 54
4 22
60 76
2 11
29 53
12 71
37 78
69 74
5 39
12 28
24 39
2 34
41 48
7 57
4 70
48 62
23 28
48 79
53 75
60 68
35 43
7 49
23 39
22 33
39 73
51 76
47 60
24 74
1 48
21 45
18 73
18 19
24 79
65 80
31 53
35 48
41 70
5 29
29 74
30 42
3 6
38 56
21 26
33 64
25 69
7 35
46 48
36 40
50 69
6 36
52 74
25 80
19 47
53 77
40 58
27 44
43 62
29 39
19 43
48 61
2 68
62 72
54 77
13 44
71 72
20 67
28 33
2 32
64 67
32 70
8 47
7 15
28 63
61 77
6 37
6 54
38 51
31 75
7 41
11 47
26 32
3 48
11 70
29 60
26 80
39 44
1000 1000
379 392
22 275
254 831
172 203
332 891
250 821
702 967
212 583
264 871
106 522
189 376
625 801
175 238
237 974
595 721
738 836
181 806
345 760
419 723
175 730
79 577
338 705
190 852
83 140
555 998
6 401
250 872
631 854
582 665
346 969
616 680
61 195
181 968
103 407
58 671
320 841
626 912
815 885
214 904
426 748
187 190
48 687
22 946
82 284
287 613
868 993
19 950
611 731
217 536
590 954
601 929
222 759
260 813
24 852
235 259
773 807
386 446
24 26
106 717
306 470
207 746
852 944
284 812
73 618
115 481
335 837
329 906
380 762
652 706
305 779
126 828
211 831
20 593
442 531
172 649
36 672
94 449
67 140
793 942
117 916
204 510
452 518
222 408
365 887
225 368
542 703
105 901
492 706
400 911
837 972
624 661
485 926
751 809
702 761
284 810
2 93
33 947
257 770
201 647
324 479
33 97
604 652
34 316
372 715
871 895
552 627
319 828
413 997
152 795
19 228
294 587
787 788
49 952
134 163
80 262
406 739
290 544
236 252
224 284
248 794
281 722
303 763
52 597
560 799
492 797
91 727
86 725
101 683
310 437
899 966
480 776
144 917
62 811
796 840
55 272
716 968
202 446
159 549
130 585
154 740
181 989
342 716
378 607
625 820
446 768
243 279
15 219
504 765
14 473
112 272
420 497
557 728
391 902
183 952
4 726
456 462
802 1000
18 514
103 408
107 573
406 810
808 912
126 867
91 472
610 886
599 613
715 810
175 304
30 895
129 185
23 138
461 584
60 487
419 771
576 585
205 455
76 858
134 736
79 323
436 898
360 505
680 772
34 788
394 903
219 763
8 20
372 601
475 709
177 494
222 237
51 629
45 452
151 431
29 547
164 841
37 581
769 982
532 989
100 185
85 622
276 314
259 992
346 752
69 730
165 739
975 981
92 857
196 553
466 886
196 788
12 928
334 955
54 312
42 108
4 475
230 633
360 843
199 443
575 688
61 746
727 787
28 818
450 921
627 720
110 350
184 737
770 849
166 588
284 389
438 891
678 705
467 742
468 494
457 724
76 280
228 680
501 700
496 498
164 748
381 668
23 362
116 936
424 967
117 879
258 617
257 862
38 888
127 605
706 895
624 676
111 820
294 989
26 389
358 718
848 954
45 46
721 772
268 831
502 511
838 848
944 971
64 524
913 975
385 599
152 672
197 589
328 673
49 472
254 796
367 825
659 962
8 174
123 151
48 680
894 901
212 910
82 733
295 516
284 837
32 122
147 421
316 887
514 868
777 940
297 743
634 927
824 987
241 673
394 457
884 905
295 381
575 761
495 726
403 670
316 423
563 907
666 983
415 679
337 677
71 136
504 868
681 968
379 511
395 778
184 988
366 803
517 572
343 718
232 301
355 797
566 851
482 946
125 982
278 985
588 784
51 835
175 919
727 948
17 965
423 521
202 515
233 634
78 663
538 994
79 324
101 516
469 922
683 766
652 925
473 513
131 921
282 823
201 441
619 876
15 907
748 781
491 929
434 736
143 769
507 511
152 432
47 464
292 717
197 271
104 573
858 879
13 843
211 619
307 890
160 744
405 917
129 134
88 995
499 756
528 543
823 906
372 710
134 196
17 175
553 555
2 1000
85 482
170 322
462 604
350 479
911 935
399 585
194 916
175 614
404 687
24 968
100 671
63 138
865 908
533 606
203 988
490 520
629 858
63 749
362 827
39 254
784 890
47 211
268 650
322 705
228 378
141 391
183 513
304 876
284 750
407 682
227 958
176 766
301 389
215 775
713 866
132 368
164 168
25 969
490 928
480 917
809 912
235 893
154 446
329 400
56 92
321 672
27 506
558 935
540 822
285 851
542 803
268 941
463 632
691 873
661 976
793 847
335 439
2 80
111 118
329 670
235 639
333 374
454 949
280 680
512 959
99 999
438 933
371 672
255 647
473 654
343 833
2 967
435 861
600 842
102 571
7 899
190 261
436 495
133 374
861 891
742 936
428 809
65 964
32 43
341 926
640 846
369 747
290 511
33 474
543 722
790 791
658 922
165 456
779 886
45 671
148 921
307 826
396 548
193 248
47 673
473 961
279 417
326 577
132 216
143 242
162 578
679 837
117 639
22 901
344 523
57 753
329 672
16 414
883 974
652 664
130 795
653 854
120 665
529 892
293 357
538 826
644 759
174 771
591 844
524 568
302 511
402 643
71 319
166 875
433 623
192 279
102 658
425 782
262 325
686 817
120 141
225 370
691 808
59 126
365 518
529 960
554 847
903 914
128 519
387 982
812 836
206 329
1 262
111 931
149 696
175 240
99 310
487 776
407 488
348 458
224 539
243 597
13 707
391 657
1 118
415 529
114 370
19 325
44 441
158 198
37 511
75 391
276 802
743 840
567 600
364 542
96 281
121 956
377 945
333 940
936 954
212 970
402 572
138 291
882 934
761 949
101 283
572 603
98 972
232 373
790 862
251 724
304 769
779 784
7 174
256 361
540 829
536 923
89 535
488 891
11 317
528 732
191 618
36 393
728 848
218 905
342 380
576 739
362 907
313 360
55 917
233 692
52 392
76 565
515 702
357 466
620 629
777 939
342 401
194 211
225 228
516 827
757 922
640 967
182 906
374 564
471 673
387 567
958 960
578 787
624 861
267 390
642 833
450 717
226 897
17 424
8 485
512 776
27 495
140 300
39 101
86 452
307 357
62 155
255 306
176 915
193 464
245 266
13 560
352 685
653 788
85 481
49 275
457 988
828 855
751 850
18 312
16 678
35 934
458 660
50 410
588 707
171 484
619 967
159 454
499 617
241 263
689 803
329 471
351 502
385 975
12 691
106 337
100 502
285 956
19 406
102 653
98 359
301 645
301 564
120 824
291 605
380 712
632 766
180 757
132 740
195 436
733 952
770 811
349 796
128 696
265 520
297 518
8 385
669 722
328 510
177 692
52 867
82 561
50 186
612 917
313 965
472 732
577 722
703 997
217 904
671 845
459 910
574 846
304 308
39 94
36 434
89 366
266 580
676 841
321 443
404 560
352 931
427 483
81 726
467 799
543 815
151 574
324 459
108 195
210 445
252 941
147 392
873 938
438 472
502 956
256 989
64 497
57 452
168 712
692 780
471 830
428 429
456 818
113 992
237 937
841 864
713 874
338 384
197 380
735 764
38 598
529 642
108 459
24 480
357 456
756 973
598 847
67 180
437 554
409 539
777 918
611 978
727 748
165 731
168 208
70 80
458 961
104 292
179 360
173 879
102 936
54 515
41 962
130 956
239 938
179 589
448 777
310 905
21 316
80 697
203 467
179 482
215 859
263 649
142 806
48 301
118 902
124 834
490 880
672 774
182 927
620 647
296 724
152 534
288 905
2 539
32 45
658 929
9 199
278 506
874 931
511 733
623 934
139 903
470 747
219 727
113 463
200 869
487 654
385 635
27 163
637 982
175 594
20 334
705 715
982 990
4 196
505 868
479 702
444 469
659 981
741 955
15 233
44 665
253 407
114 455
615 863
704 847
65 820
882 942
715 918
303 915
412 619
3 353
73 923
145 359
221 967
330 856
191 850
44 246
349 435
20 390
11 142
141 895
212 408
67 939
985 987
2 767
397 752
982 992
563 685
17 757
564 835
18 722
339 716
697 950
65 696
335 875
21 845
177 704
493 893
243 469
204 407
499 768
391 851
182 406
285 975
474 615
175 185
229 481
275 770
364 393
846 936
671 723
554 647
3 541
26 857
137 522
600 897
377 412
348 438
687 983
590 689
287 366
312 380
282 798
352 548
64 537
326 557
659 716
244 485
324 872
369 722
249 513
369 710
80 623
381 664
588 822
354 461
203 528
641 986
503 666
148 238
380 616
139 546
64 970
609 890
309 368
510 750
26 944
243 936
528 982
396 888
334 760
491 690
57 407
525 654
573 714
302 355
521 698
30 545
419 601
479 668
656 857
140 758
687 790
385 848
344 453
302 927
48 846
296 425
972 980
451 514
459 884
511 930
670 699
423 869
263 381
128 391
349 469
175 984
99 743
309 513
593 623
221 797
779 961
825 974
349 877
569 670
443 696
139 862
55 665
334 824
226 728
556 658
325 831
594 632
243 658
337 661
179 978
480 994
82 373
463 589
140 640
275 494
826 930
245 281
361 758
197 801
702 882
224 300
537 961
76 889
459 767
238 739
425 938
122 929
707 993
547 750
428 930
399 962
960 967
423 529
450 796
96 632
272 360
451 669
5 259
123 226
122 497
120 398
106 950
54 742
344 847
383 822
281 558
713 953
471 824
390 398
442 489
670 928
195 883
608 937
625 953
502 832
391 987
197 528
394 402
315 432
304 953
64 495
275 915
124 430
148 798
506 955
64 130
403 753
118 443
251 549
345 367
5 947
473 782
490 759
804 956
95 636
581 730
119 886
520 555
182 521
732 986
38 589
393 671
147 542
9 493
222 739
156 633
348 365
773 987
259 983
549 583
698 716
653 892
697 841
308 443
85 311
617 1000
548 796
345 912
1000 1000
710 890
486 627
262 351
194 549
356 784
316 975
40 157
105 391
218 582
6 932
313 410
179 652
145 729
67 567
120 414
138 746
112 856
138 198
264 769
104 875
267 903
455 841
321 427
727 762
41 468
367 759
740 766
164 235
5 973
217 694
194 375
818 985
107 519
479 520
288 880
592 810
7 416
103 369
348 813
172 294
335 717
159 767
272 941
137 540
358 404
326 719
701 757
224 935
448 935
584 595
549 813
599 643
280 847
22 81
197 374
255 499
492 655
390 694
55 328
69 237
241 606
711 796
92 381
687 769
168 234
24 248
402 796
299 383
493 513
374 637
253 954
24 949
358 906
723 834
265 812
281 850
273 697
449 771
392 851
463 882
24 916
81 622
388 528
142 706
374 581
326 819
669 769
568 866
823 951
373 994
330 600
952 996
941 945
592 709
641 652
11 951
513 869
524 952
350 847
141 681
215 973
41 334
315 324
123 593
227 599
183 732
455 593
63 470
98 195
80 790
224 671
225 318
379 797
644 870
549 557
507 823
271 450
119 569
865 993
693 839
311 454
495 585
35 133
447 519
735 753
436 737
359 980
597 832
301 646
171 619
154 692
511 860
45 832
781 962
220 649
61 842
394 927
15 438
402 996
175 603
147 684
329 675
163 232
142 671
825 897
446 773
618 835
215 985
169 778
552 976
386 423
716 834
146 474
170 660
764 877
472 712
91 710
155 794
376 941
830 869
502 575
601 737
9 639
273 654
36 672
168 778
289 296
9 712
173 713
483 936
757 980
513 937
432 816
160 692
52 541
159 241
541 817
798 934
78 972
425 873
436 558
215 463
304 583
273 965
90 695
235 632
270 995
394 507
515 667
726 913
797 903
430 492
346 446
116 510
428 588
738 755
235 701
93 773
728 856
607 997
556 752
506 710
337 464
705 771
46 191
296 961
127 904
228 627
698 929
140 961
740 842
300 506
616 723
206 486
19 674
11 348
372 992
327 405
677 780
306 719
46 764
618 918
317 920
593 785
50 586
193 419
9 338
416 694
461 540
775 804
630 980
276 757
373 582
188 212
13 941
80 168
71 342
42 633
101 164
618 696
611 883
651 678
833 957
731 782
510 602
164 902
413 862
191 746
298 887
6 26
120 865
49 201
259 620
293 883
426 816
44 563
483 486
271 853
460 543
28 173
270 478
186 735
341 926
127 539
428 826
37 69
181 934
524 759
99 655
47 495
358 831
33 399
391 719
49 556
170 237
71 678
217 435
379 955
346 447
348 472
152 832
733 888
287 708
455 808
251 495
48 816
798 804
264 564
258 495
10 182
170 391
622 726
203 559
541 884
417 499
350 920
7 54
276 317
530 683
432 767
187 469
796 937
241 472
315 980
668 964
113 938
8 554
309 807
686 911
108 848
725 951
633 762
436 480
134 304
21 95
96 517
917 942
547 896
231 536
158 501
676 767
284 869
206 412
26 997
669 824
526 559
450 956
223 832
87 245
23 245
332 401
308 346
102 105
135 544
563 980
543 900
346 654
665 894
35 659
70 710
37 441
360 508
104 638
257 592
71 132
560 732
269 952
642 820
147 952
98 489
523 822
397 780
180 405
406 701
139 312
241 588
879 932
493 843
581 873
260 681
173 297
388 866
645 699
168 269
147 369
71 81
309 673
122 510
406 615
341 488
578 940
435 877
815 888
100 148
765 864
354 759
179 592
67 892
101 340
122 813
107 139
248 926
96 564
573 682
24 735
427 982
310 624
295 436
395 808
79 756
324 660
139 733
660 983
119 289
380 661
341 585
380 748
245 570
209 586
540 853
715 761
88 93
122 416
10 507
146 529
125 896
398 957
675 747
3 572
58 655
171 902
950 953
273 692
433 635
238 693
80 308
75 496
454 963
95 923
465 858
551 748
181 952
224 428
117 386
48 289
180 193
197 492
512 666
174 456
878 966
84 493
432 845
269 366
143 274
339 371
471 672
747 846
222 770
110 308
475 671
321 1000
782 824
127 950
239 885
49 864
294 742
32 947
448 718
480 934
313 772
276 763
117 667
17 864
621 718
29 540
697 921
339 953
164 515
253 353
615 829
442 968
590 627
227 820
402 659
184 996
693 969
267 353
269 539
687 913
517 868
641 692
409 502
26 824
263 812
441 850
312 627
295 628
135 315
327 643
656 841
592 717
325 777
460 555
159 649
673 677
567 992
151 874
128 685
884 905
154 351
103 393
163 307
10 69
242 717
245 433
756 786
116 501
97 675
574 700
361 952
260 741
572 646
453 997
605 856
404 883
312 976
564 899
483 517
506 731
612 699
348 910
79 773
161 996
561 834
562 922
716 951
104 663
603 924
536 653
452 969
19 769
204 206
254 906
41 112
918 976
25 509
97 843
600 907
188 585
521 728
39 928
89 510
387 710
282 575
110 746
565 900
765 905
481 617
125 324
854 924
118 426
810 912
393 586
25 332
306 620
522 702
15 280
229 510
145 570
153 747
243 385
79 860
404 438
108 459
431 781
840 870
201 367
713 802
719 963
67 96
532 598
242 262
607 925
368 726
680 872
122 754
546 761
226 691
305 784
71 771
202 596
886 999
559 810
756 796
239 904
570 968
522 930
145 817
214 753
210 973
134 171
79 699
289 975
357 611
403 834
76 462
361 659
174 929
548 592
302 901
38 798
636 691
151 456
65 796
819 875
809 827
219 604
393 525
469 631
357 436
36 411
306 962
640 668
507 620
774 906
582 865
329 346
63 315
353 714
378 497
116 133
427 909
834 835
149 204
80 154
573 605
727 962
203 415
47 487
24 225
319 828
350 435
116 766
462 958
341 944
262 845
504 919
506 894
154 611
525 548
536 615
140 978
16 967
289 312
211 477
393 900
209 632
86 723
248 707
562 835
335 634
51 967
40 56
164 789
521 791
465 635
863 981
253 367
636 651
80 547
249 829
422 635
226 873
79 930
259 929
102 695
460 770
40 832
248 534
159 302
296 973
654 760
481 755
98 605
17 697
506 597
747 945
558 835
211 511
155 327
363 906
54 801
752 894
64 445
835 930
196 585
110 674
344 716
381 648
768 985
355 761
492 818
172 582
214 947
521 912
328 938
53 417
104 439
36 944
71 149
282 624
599 865
898 988
49 87
49 949
198 996
479 734
814 968
293 720
281 851
66 443
271 795
312 835
521 617
336 474
41 604
71 834
343 513
132 302
168 388
85 135
212 610
45 568
510 523
409 927
149 967
231 486
81 220
461 669
208 423
426 761
383 827
195 782
621 826
11 798
470 877
138 655
128 147
776 868
534 990
658 807
349 534
67 122
526 791
375 704
369 540
430 518
64 721
167 264
247 626
721 923
100 186
414 770
386 748
396 955
460 468
740 992
294 814
318 376
14 388
417 962
36 823
662 886
215 588
124 664
152 965
496 909
378 900
605 863
69 324
150 401
422 900
717 846
40 264
265 756
143 160
934 975
355 497
839 982
43 725
8 728
186 609
447 831
290 747
512 770
471 501
249 302
458 503
30 488
356 635
75 528
509 580
161 895
281 337
708 820
341 346
142 267
357 787
285 781
603 808
488 666
285 672
785 878
114 405
792 961
133 716
1 841
211 734
202 854
547 986
11 177
417 987
685 861
11 383
631 800
603 887
12 49
151 833
1 602
130 333
40 290
254 818
820 980
367 434
212 684
200 219
642 680
51 691
346 583
175 299
43 138
763 896
72 435
251 877
351 353
536 850
310 599
294 964
82 812
724 808
673 761
12 162
501 949
13 265
606 803
259 614
497 985
623 881
353 903
556 721
94 231
491 748
329 1000
293 900
607 689
185 923
21 962
665 976
98 265
3 841
267 562
28 456
261 961
1 861
745 916
62 747
54 898
822 911
571 713
476 961
121 740
233 795
669 920
502 762
239 349
241 543
354 678
592 878
493 507
368 506
249 786
165 644
215 916
251 978
500 701
298 873
177 351
370 468
692 792
178 976
577 983
472 909
665 782
62 919
475 605
161 616
70 659
526 691
225 773
147 599
10 435
215 934
835 886
336 358
426 561
782 989
707 851
535 622
66 484
197 869
276 808
798 954
494 615
429 694
42 894
556 626
663 816
527 612
242 565
263 350
516 813
62 926
149 159
609 785
316 680
319 689
672 677
575 888
539 692
212 755
139 674
692 970
253 401
136 488
387 806
532 722
154 644
161 975
27 642
551 593
354 355
157 681
324 856
896 991
72 787
56 559
112 232
39 120
68 270
642 843
11 989
157 929
469 928
444 829
351 391
52 428
207 682
493 767
492 503
219 975
276 934
169 522
567 601
420 587
283 730
869 919
161 346
295 368
283 667
84 327
345 486
528 855
42 690
664 864
181 368
489 846
28 452
593 755
757 794
165 471
678 723
310 849
167 217
427 862
89 145
393 670
46 200
176 507
473 493
168 636
489 913
606 804
355 742
159 568
199 825
113 396
143 527
202 240
401 930
595 989
145 184
821 999
65 470
486 986
249 261
259 876
513 741
360 392
160 579
516 551
969 1000
288 583
188 284
312 509
79 919
204 327
286 499
106 390
366 409
795 813
747 940
169 259
24 258
174 837
88 504
598 895
110 322
190 204
526 882
154 248
164 918
238 549
139 715
941 958
338 614
473 691
490 571
25 935
512 724
295 933
42 512
610 620
594 944
209 224
376 876
113 827
55 197
737 832
22 465
272 861
795 862
519 888
294 472
123 620
187 419
172 566
270 684
452 468
196 774
266 876
382 423
42 458
348 947
827 895
141 281
75 931
636 800
183 848
314 473
433 869
572 677
427 505
315 894
180 312
136 441
581 759
559 958
434 714
91 158
485 552
251 314
388 552
73 834
21 595
119 846
656 674
61 513
293 788
224 531
631 957
97 243
287 823
337 770
60 827
295 525
22 762
125 894
658 744
358 812
766 811
602 845
822 830
299 871
105 779
272 275
351 612
139 304
589 626
307 602
217 802
116 343
535 929
209 635
341 636
317 362
220 348
472 819
52 418
528 529
870 875
42 733
607 906
470 544
582 715
838 902
188 546
194 412
152 746
134 229
63 580
358 543
81 158
264 414
120 784
663 869
394 907
431 631
66 187
318 907
373 471
533 727
689 941
18 478
198 482
431 913
386 806
263 581
605 918
351 773
644 959
143 447
107 141
299 644
73 906
468 855
436 637
418 498
478 776
171 498
239 734
672 736
623 811
540 769
863 926
136 657
58 435
514 943
111 151
206 391
374 587
388 764
150 755
71 462
456 721
595 703
218 570
470 677
295 861
86 545
364 949
408 451
317 908
468 696
48 724
144 397
602 784
558 939
125 312
119 387
131 414
32 846
311 347
523 966
215 793
911 919
365 883
102 547
678 823
267 751
334 386
793 865
624 904
38 691
576 781
184 648
521 531
194 334
303 904
442 950
166 444
57 844
71 246
242 869
645 848
584 713
130 676
361 654
33 348
455 924
103 905
38 636
374 914
85 496
251 270
207 832
183 689
26 599
57 543
371 735
379 538
353 518
135 797
62 538
555 633
816 840
410 579
374 417
238 334
347 792
680 954
30 87
566 597
127 881
344 386
577 887
421 712
370 797
562 888
63 166
681 689
450 536
459 578
237 261
280 591
58 626
214 768
56 712
308 785
759 852
187 966
709 936
28 740
775 926
528 675
587 598
387 770
331 868
137 862
415 508
726 905
195 519
19 725
17 151
387 657
198 265
652 840
514 777
172 384
61 942
681 840
275 828
417 426
598 840
50 237
733 829
150 902
11 544
844 861
318 804
291 736
327 779
410 865
44 245
13 422
474 739
225 964
46 506
64 823
45 327
78 926
138 631
617 742
709 826
393 682
308 895
277 350
465 814
207 410
439 495
528 536
28 210
262 812
27 467
42 777
46 91
341 414
642 907
169 699
209 519
327 639
123 915
357 950
251 823
202 207
235 320
125 503
4 157
74 679
62 727
236 349
250 748
205 581
404 559
117 613
30 512
574 702
379 518
462 587
372 384
504 850
774 934
185 577
145 713
53 541
944 950
253 316
171 832
335 410
534 904
23 84
100 513
166 451
603 949
86 281
290 331
79 951
708 794
166 596
141 719
99 457
53 755
225 512
557 938
283 439
348 535
27 343
334 927
399 917
612 795
610 616
229 484
497 963
709 928
35 379
280 950
183 435
316 850
9 755
245 698
16 38
62 395
608 709
444 663
174 964
264 573
52 489
283 869
645 862
348 746
385 776
607 745
555 810
279 538
88 416
118 670
392 763
160 169
244 455
484 757
162 470
301 822
517 685
223 727
409 650
487 595
32 205
74 430
525 547
114 943
330 838
462 549
360 554
891 903
154 486
219 768
555 823
313 895
356 904
587 664
282 366
277 561
456 555
329 955
142 877
187 438
685 828
112 529
584 720
136 282
306 318
482 570
499 829
327 914
340 651
420 543
556 744
794 940
125 903
49 881
505 933
685 794
86 678
514 574
266 276
251 299
663 969
556 566
332 671
316 435
848 856
263 376
176 263
107 892
522 770
622 851
270 437
468 719
614 624
489 842
424 442
645 852
444 747
467 559
128 726
326 672
609 654
13 371
60 148
97 278
428 584
6 493
284 555
618 643
48 647
665 742
505 944
252 519
328 482
211 239
453 508
183 375
222 338
441 463
12 345
805 903
532 674
221 766
780 849
785 903
28 242
387 831
223 888
322 888
50 97
223 486
394 441
78 697
342 812
83 746
588 694
101 735
152 505
134 647
64 387
11 828
39 404
142 515
266 381
558 758
736 803
16 268
299 914
200 276
633 835
280 446
591 899
28 191
324 803
12 735
703 776
621 767
489 861
2 572
539 636
21 89
335 786
295 508
569 571
186 556
49 952
349 619
690 874
29 960
421 854
218 523
597 798
306 544
64 776
107 877
847 883
209 487
628 709
302 881
464 675
413 697
210 558
196 250
378 739
641 706
193 320
265 399
130 716
549 705
367 419
85 448
188 584
318 945
472 839
124 514
265 480
40 706
338 604
286 686
804 849
267 714
37 397
237 743
324 892
551 565
640 850
127 545
548 893
346 386
72 164
470 480
38 106
37 857
706 924
276 536
92 689
414 899
199 561
109 447
192 440
220 837
171 457
494 826
597 838
461 685
873 898
110 573
17 373
564 813
26 66
119 254
725 870
386 631
149 857
417 841
350 845
192 236
689 949
77 663
331 353
396 674
256 727
60 489
59 266
700 705
178 595
266 760
399 909
597 736
98 399
30 948
272 625
85 218
566 897
402 429
60 925
142 804
11 661
61 615
224 633
132 548
895 905
829 939
267 512
188 614
438 876
438 920
183 537
530 929
620 787
69 397
438 771
8 117
177 966
454 546
370 750
113 498
447 967
322 897
430 907
148 200
369 380
706 731
539 540
294 375
340 938
199 743
682 787
11 244
375 536
189 651
447 629
315 820
938 946
437 817
192 303
745 888
740 833
300 526
390 803
356 649
195 357
62 507
71 834
139 382
810 895
199 656
51 724
121 768
594 739
15 175
103 199
227 909
359 803
602 756
573 794
701 915
481 692
384 505
237 963
613 672
365 721
577 895
823 856
272 419
5 70
15 533
777 829
509 909
224 607
96 367
635 765
14 548
197 288
909 956
320 329
87 890
515 794
114 617
192 700
632 762
57 682
56 809
26 428
35 361
104 143
81 231
472 869
358 911
379 610
431 941
720 802
266 665
581 682
381 908
325 650
756 797
333 797
389 831
32 777
82 685
229 775
32 952
538 869
54 448
582 696
734 799
510 890
724 953
394 606
56 283
368 608
289 508
769 956
76 554
131 754
545 891
173 597
560 649
185 651
211 221
402 498
790 890
54 458
606 885
411 691
624 848
544 943
576 946
296 866
166 435
294 354
362 896
4 452
275 966
144 726
161 620
341 558
332 475
422 664
193 688
694 905
292 453
633 757
230 544
228 289
410 432
243 596
511 772
398 410
326 567
348 392
459 745
534 729
331 614
416 511
554 865
622 698
350 953
188 678
610 662
430 788
170 848
142 329
93 616
521 941
76 578
747 906
216 628
143 684
339 471
227 603
912 916
182 821
439 693
384 397
579 680
650 909
85 758
707 916
278 396
242 266
76 386
153 174
197 857
63 73
479 492
648 726
189 197
807 940
326 905
74 270
238 251
289 500
205 705
153 361
168 905
598 605
337 639
579 854
30 356
662 953
12 275
226 305
511 718
177 252
250 268
54 287
200 272
420 820
788 894
45 77
217 930
207 418
890 961
360 389
103 591
152 308
451 598
419 688
214 885
65 860
63 543
148 234
285 356
631 878
13 827
17 20
619 920
302 482
126 517
843 850
737 755
154 272
102 702
365 732
209 462
224 327
207 590
275 544
118 639
131 567
426 546
45 709
61 818
114 836
22 765
3 698
311 625
771 824
102 967
188 388
210 407
243 434
247 582
49 253
532 908
222 809
95 157
212 948
146 919
517 624
106 913
777 872
246 254
122 813
80 362
87 364
128 968
404 696
160 551
742 830
136 329
121 885
221 756
20 156
106 912
479 699
467 846
104 901
301 578
581 871
532 854
352 563
169 489
138 276
393 574
441 704
15 150
55 193
59 203
199 753
516 673
325 425
316 913
144 868
116 815
36 623
102 859
405 601
105 903
286 685
658 696
682 916
307 591
38 655
80 241
40 413
644 716
104 784
32 932
15 475
280 352
263 381
888 966
414 914
590 767
525 849
367 577
701 744
693 730
429 929
565 624
111 137
259 371
889 942
41 210
32 36
61 853
196 394
875 960
494 743
413 792
204 422
66 375
264 714
100 104
852 909
20 601
517 739
235 953
209 538
31 491
269 771
358 453
92 541
1 677
71 122
551 746
569 573
287 851
315 329
171 243
147 809
328 894
387 529
643 859
147 794
367 722
161 563
146 870
67 928
22 928
78 226
103 202
513 763
331 907
23 115
501 808
668 797
324 673
242 523
555 745
129 181
194 816
85 698
34 442
638 856
3 932
475 879
359 594
478 657
215 959
153 668
91 834
499 692
636 705
